      1       0 0.00000e+00 0.00000e+00 0.00000e+00 0.00000e+00 0.00000e+00 0.00000e+00 0.00000e+00 0.00000e+00 0.00000e+00 0.00000e+00
      1       1 1.39575e-08 3.13688e-07 3.58938e-08 3.20483e-07 1.64230e-08 2.59550e-07 2.00521e-08 1.54866e-08 2.53009e-07 2.93799e-07
      1       2 1.72470e-08 3.78943e-07 4.23224e-08 4.39434e-07 1.92331e-08 2.96376e-07 2.16197e-08 1.58489e-08 3.17641e-07 3.45260e-07
      1       3 1.67046e-08 3.22486e-07 3.52385e-08 3.00244e-07 1.90888e-08 1.86202e-07 1.87516e-08 1.55352e-08 2.49664e-07 1.88967e-07
      1       4 1.46154e-08 2.92546e-07 3.60789e-08 2.47661e-07 1.54988e-08 2.05390e-07 1.66830e-08 1.66019e-08 1.80507e-07 1.62452e-07
      1       5 1.46515e-08 3.27511e-07 4.09040e-08 3.51779e-07 1.64227e-08 2.77896e-07 1.88825e-08 1.48940e-08 2.56587e-07 2.85575e-07
      1       6 1.72470e-08 3.78943e-07 4.23224e-08 4.39434e-07 1.92331e-08 2.96376e-07 2.19520e-08 1.56147e-08 3.17641e-07 3.45260e-07
      1       7 1.55963e-08 3.16202e-07 3.96176e-08 2.90110e-07 1.72510e-08 2.16699e-07 1.87771e-08 1.51732e-08 2.26396e-07 1.94323e-07
      2       0 0.00000e+00 0.00000e+00 0.00000e+00 0.00000e+00 0.00000e+00 0.00000e+00 0.00000e+00 0.00000e+00 0.00000e+00 0.00000e+00
      2       1 9.76877e-09 2.63687e-07 3.79317e-08 3.23850e-07 1.48534e-08 1.90950e-07 1.68339e-08 1.52135e-08 2.14113e-07 1.66474e-07
      2       2 1.58881e-08 3.12392e-07 4.63100e-08 3.47687e-07 2.09598e-08 2.32787e-07 3.10336e-08 1.69139e-08 3.04149e-07 1.98827e-07
      2       3 1.52598e-08 2.80857e-07 3.99074e-08 3.11109e-07 2.05624e-08 2.05524e-07 3.02067e-08 1.54527e-08 2.67909e-07 1.80742e-07
      2       4 1.26557e-08 2.32966e-07 3.59825e-08 3.15427e-07 1.68756e-08 1.75497e-07 2.51296e-08 1.43774e-08 2.48779e-07 1.58987e-07
      2       5 1.15787e-08 2.79578e-07 3.64464e-08 2.96090e-07 1.70324e-08 1.93432e-07 2.33209e-08 1.43973e-08 2.40248e-07 1.74401e-07
      2       6 1.58881e-08 3.12392e-07 4.63100e-08 3.47687e-07 2.09598e-08 2.32787e-07 3.24464e-08 1.53411e-08 3.04149e-07 1.98827e-07
      2       7 1.53881e-08 2.67179e-07 4.15156e-08 3.02126e-07 2.00915e-08 1.97085e-07 2.85478e-08 1.45793e-08 2.50028e-07 1.70542e-07
      3       0 0.00000e+00 0.00000e+00 0.00000e+00 0.00000e+00 0.00000e+00 0.00000e+00 0.00000e+00 0.00000e+00 0.00000e+00 0.00000e+00
      3       1 1.27625e-08 2.35930e-07 4.31737e-08 3.32833e-07 2.21326e-08 2.19677e-07 1.60959e-08 1.32112e-08 1.84857e-07 1.65384e-07
      3       2 1.58405e-08 3.11575e-07 4.81526e-08 4.01560e-07 3.13915e-08 2.63597e-07 2.17275e-08 1.71904e-08 2.50629e-07 1.92065e-07
      3       3 1.39241e-08 2.93403e-07 5.25245e-08 3.58932e-07 3.33540e-08 2.20621e-07 2.14844e-08 1.81359e-08 2.33347e-07 1.50794e-07
      3       4 1.28741e-08 2.23138e-07 4.21314e-08 3.29528e-07 2.61944e-08 2.06776e-07 1.78319e-08 1.59667e-08 1.92377e-07 1.36461e-07
      3       5 1.30412e-08 2.48168e-07 4.07503e-08 3.48252e-07 2.57231e-08 2.10526e-07 1.69540e-08 1.37885e-08 1.91424e-07 1.57117e-07
      3       6 1.58405e-08 3.11575e-07 4.81526e-08 4.01560e-07 3.13915e-08 2.63597e-07 2.01502e-08 1.75047e-08 2.50629e-07 1.92065e-07
      3       7 1.42156e-08 2.95120e-07 4.42017e-08 3.13494e-07 2.50639e-08 2.27523e-07 1.98967e-08 1.74705e-08 2.06749e-07 1.64153e-07
      4       0 0.00000e+00 0.00000e+00 0.00000e+00 0.00000e+00 0.00000e+00 0.00000e+00 0.00000e+00 0.00000e+00 0.00000e+00 0.00000e+00
      4       1 1.11224e-08 2.47638e-07 4.71446e-08 2.56762e-07 1.90687e-08 1.67708e-07 2.58375e-08 1.26110e-08 2.66067e-07 1.51021e-07
      4       2 1.93762e-08 2.88198e-07 5.67758e-08 4.02434e-07 3.13111e-08 2.22496e-07 4.81182e-08 1.39830e-08 3.55939e-07 2.04082e-07
      4       3 1.79982e-08 2.65554e-07 5.26971e-08 3.66890e-07 3.01820e-08 2.10932e-07 4.20910e-08 1.18164e-08 3.39927e-07 1.92420e-07
      4       4 1.45431e-08 2.37977e-07 4.44766e-08 2.60382e-07 2.53549e-08 1.74797e-07 5.32957e-08 1.50741e-08 2.43181e-07 1.74242e-07
      4       5 1.23490e-08 2.39747e-07 3.86752e-08 2.72244e-07 2.48844e-08 1.57820e-07 5.02871e-08 1.28423e-08 2.85659e-07 1.50062e-07
      4       6 1.93762e-08 2.88198e-07 5.67758e-08 4.02434e-07 3.13111e-08 2.22496e-07 4.92147e-08 1.37920e-08 3.55939e-07 2.04082e-07
      4       7 1.79687e-08 2.53433e-07 5.06500e-08 3.86122e-07 2.97688e-08 2.06376e-07 5.00923e-08 1.39700e-08 3.37376e-07 1.88837e-07
      5       0 0.00000e+00 0.00000e+00 0.00000e+00 0.00000e+00 0.00000e+00 0.00000e+00 0.00000e+00 0.00000e+00 0.00000e+00 0.00000e+00
      5       1 8.38614e-09 2.18281e-07 3.10371e-08 2.52601e-07 1.51709e-08 1.49032e-07 1.79949e-08 1.68496e-08 2.25304e-07 1.47738e-07
      5       2 1.56120e-08 3.29234e-07 4.21064e-08 3.56958e-07 2.05319e-08 2.04013e-07 2.50899e-08 1.89019e-08 3.01123e-07 1.95923e-07
      5       3 1.48318e-08 2.93358e-07 3.27177e-08 2.96669e-07 1.84887e-08 1.78395e-07 2.29184e-08 1.49156e-08 2.59322e-07 1.58186e-07
      5       4 1.07618e-08 2.39296e-07 2.84968e-08 2.53513e-07 1.98785e-08 1.68388e-07 2.07023e-08 1.64927e-08 2.38398e-07 1.62517e-07
      5       5 1.11167e-08 2.55286e-07 3.48471e-08 2.64300e-07 1.82958e-08 1.63165e-07 1.88069e-08 1.66237e-08 2.26079e-07 1.63733e-07
      5       6 1.56120e-08 3.29234e-07 4.21064e-08 3.56958e-07 2.05319e-08 2.04013e-07 2.31196e-08 2.00346e-08 3.01123e-07 1.95923e-07
      5       7 1.48012e-08 3.17271e-07 3.56454e-08 3.19064e-07 1.96264e-08 1.75329e-07 2.54781e-08 1.77853e-08 2.77415e-07 1.93129e-07
      6       0 0.00000e+00 0.00000e+00 0.00000e+00 0.00000e+00 0.00000e+00 0.00000e+00 0.00000e+00 0.00000e+00 0.00000e+00 0.00000e+00
      6       1 1.27071e-08 2.35588e-07 3.90656e-08 2.63395e-07 1.57634e-08 2.10615e-07 2.63730e-08 1.37505e-08 2.50294e-07 1.47072e-07
      6       2 1.58549e-08 2.91417e-07 4.49911e-08 3.64980e-07 2.10245e-08 2.63350e-07 3.09187e-08 1.47087e-08 3.03178e-07 1.75256e-07
      6       3 1.57871e-08 2.65462e-07 4.23279e-08 3.30193e-07 1.83762e-08 2.61396e-07 2.80568e-08 1.39997e-08 2.37108e-07 1.58395e-07
      6       4 1.36085e-08 2.33778e-07 4.16547e-08 3.22123e-07 1.69393e-08 1.96363e-07 2.88585e-08 1.37421e-08 1.95456e-07 1.50894e-07
      6       5 1.24511e-08 2.20999e-07 3.82840e-08 3.04392e-07 1.74064e-08 1.97524e-07 1.91921e-08 1.25089e-08 2.50879e-07 1.49186e-07
      6       6 1.58549e-08 2.91417e-07 4.49911e-08 3.64980e-07 2.10245e-08 2.63350e-07 2.92271e-08 1.58528e-08 3.03178e-07 1.75256e-07
      6       7 1.48648e-08 2.76748e-07 4.37664e-08 3.12827e-07 1.97584e-08 2.55883e-07 2.76745e-08 1.49628e-08 2.04077e-07 1.66645e-07
      7       0 0.00000e+00 0.00000e+00 0.00000e+00 0.00000e+00 0.00000e+00 0.00000e+00 0.00000e+00 0.00000e+00 0.00000e+00 0.00000e+00
      7       1 1.18749e-08 2.47651e-07 7.76760e-08 2.19080e-07 1.45481e-08 2.02376e-07 1.71086e-08 1.25719e-08 2.00393e-07 1.34104e-07
      7       2 1.69529e-08 3.04062e-07 9.69018e-08 3.74382e-07 2.16690e-08 2.62076e-07 2.12328e-08 1.77344e-08 2.20678e-07 1.80068e-07
      7       3 1.65599e-08 2.60490e-07 9.20819e-08 3.70972e-07 2.07614e-08 2.33952e-07 2.45938e-08 1.42016e-08 2.36515e-07 1.69103e-07
      7       4 1.52163e-08 2.34287e-07 7.43167e-08 2.34286e-07 1.57309e-08 1.91629e-07 2.40673e-08 1.54412e-08 1.83861e-07 1.50530e-07
      7       5 1.52861e-08 2.61927e-07 7.43827e-08 2.15085e-07 1.66949e-08 2.05602e-07 2.13017e-08 1.55895e-08 1.82647e-07 1.28539e-07
      7       6 1.69529e-08 3.04062e-07 9.69018e-08 3.74382e-07 2.16690e-08 2.62076e-07 2.34815e-08 1.43464e-08 2.20678e-07 1.80068e-07
      7       7 1.14932e-08 2.55862e-07 8.90803e-08 3.46227e-07 1.91764e-08 2.20088e-07 1.77463e-08 1.60019e-08 2.29848e-07 1.79559e-07
      8       0 0.00000e+00 0.00000e+00 0.00000e+00 0.00000e+00 0.00000e+00 0.00000e+00 0.00000e+00 0.00000e+00 0.00000e+00 0.00000e+00
      8       1 1.34999e-08 2.50239e-07 5.63855e-08 3.10705e-07 1.84817e-08 2.13370e-07 2.19812e-08 1.56973e-08 2.12823e-07 1.47211e-07
      8       2 1.80572e-08 2.79643e-07 7.55154e-08 3.71193e-07 1.97434e-08 2.48319e-07 2.35230e-08 2.04695e-08 2.75732e-07 1.76286e-07
      8       3 1.70657e-08 2.58289e-07 6.28079e-08 3.04304e-07 1.81813e-08 1.55875e-07 2.19159e-08 1.74534e-08 2.56515e-07 1.60992e-07
      8       4 1.54361e-08 2.36008e-07 5.56844e-08 2.60505e-07 1.77157e-08 1.29605e-07 1.84346e-08 1.84750e-08 2.21542e-07 1.46911e-07
      8       5 1.32762e-08 2.25047e-07 5.82774e-08 2.94535e-07 1.68537e-08 1.99854e-07 1.88821e-08 1.91151e-08 2.22200e-07 1.53735e-07
      8       6 1.80572e-08 2.79643e-07 7.55154e-08 3.71193e-07 1.97434e-08 2.48319e-07 2.48255e-08 1.71290e-08 2.75732e-07 1.76286e-07
      8       7 1.56740e-08 2.34253e-07 6.80140e-08 2.81961e-07 1.76159e-08 1.53809e-07 2.26129e-08 1.92866e-08 2.33949e-07 1.56938e-07
      9       0 0.00000e+00 0.00000e+00 0.00000e+00 0.00000e+00 0.00000e+00 0.00000e+00 0.00000e+00 0.00000e+00 0.00000e+00 0.00000e+00
      9       1 1.57738e-08 2.36798e-07 4.86845e-08 2.94641e-07 1.78439e-08 1.72289e-07 1.57017e-08 1.45104e-08 2.04156e-07 1.78766e-07
      9       2 1.68394e-08 3.20084e-07 5.89342e-08 3.95138e-07 2.00575e-08 2.17845e-07 2.16597e-08 1.54892e-08 2.63810e-07 2.20661e-07
      9       3 1.49602e-08 3.04467e-07 5.13463e-08 3.56242e-07 1.96348e-08 1.81893e-07 1.98941e-08 1.42522e-08 2.47667e-07 1.97386e-07
      9       4 1.34305e-08 2.09136e-07 5.28195e-08 3.20056e-07 1.42218e-08 1.63892e-07 1.83701e-08 1.43263e-08 1.95648e-07 1.66979e-07
      9       5 1.41668e-08 2.29401e-07 4.90006e-08 3.36235e-07 1.79892e-08 1.82244e-07 1.83526e-08 1.57971e-08 1.98047e-07 1.84017e-07
      9       6 1.68394e-08 3.20084e-07 5.89342e-08 3.95138e-07 2.00575e-08 2.17845e-07 2.08534e-08 1.69651e-08 2.63810e-07 2.20661e-07
      9       7 1.58938e-08 2.96682e-07 5.64980e-08 3.70947e-07 1.78665e-08 1.80841e-07 1.98627e-08 1.60661e-08 2.27948e-07 1.94499e-07
     10       0 0.00000e+00 0.00000e+00 0.00000e+00 0.00000e+00 0.00000e+00 0.00000e+00 0.00000e+00 0.00000e+00 0.00000e+00 0.00000e+00
     10       1 1.22205e-08 2.25334e-07 5.09001e-08 2.49691e-07 1.76134e-08 1.89812e-07 1.96858e-08 1.44355e-08 2.23366e-07 1.44279e-07
     10       2 1.42017e-08 2.85114e-07 6.17105e-08 3.17190e-07 2.14460e-08 2.48111e-07 2.15491e-08 1.52277e-08 2.91057e-07 1.68681e-07
     10       3 1.37170e-08 2.90915e-07 5.28672e-08 3.09331e-07 1.82783e-08 2.11168e-07 1.90622e-08 1.31070e-08 2.66010e-07 1.46881e-07
     10       4 1.23995e-08 2.31229e-07 4.61863e-08 2.33420e-07 1.89777e-08 2.02336e-07 1.72435e-08 1.30558e-08 2.21619e-07 1.44081e-07
     10       5 1.19125e-08 2.35308e-07 4.33991e-08 2.78307e-07 1.50512e-08 1.91910e-07 1.81368e-08 1.40883e-08 1.97132e-07 1.24587e-07
     10       6 1.42017e-08 2.85114e-07 6.17105e-08 3.17190e-07 2.14460e-08 2.48111e-07 2.22654e-08 1.54748e-08 2.91057e-07 1.68681e-07
     10       7 1.37736e-08 2.63913e-07 5.02083e-08 3.21746e-07 2.16328e-08 2.18453e-07 2.07764e-08 1.36190e-08 2.64636e-07 1.60985e-07
     11       0 0.00000e+00 0.00000e+00 0.00000e+00 0.00000e+00 0.00000e+00 0.00000e+00 0.00000e+00 0.00000e+00 0.00000e+00 0.00000e+00
     11       1 9.86043e-09 2.71241e-07 4.17339e-08 3.48914e-07 1.73934e-08 2.07109e-07 1.50799e-08 1.44652e-08 2.76219e-07 2.04315e-07
     11       2 1.02642e-08 3.45508e-07 4.89267e-08 4.56750e-07 2.08145e-08 2.44353e-07 1.82895e-08 1.51927e-08 3.08406e-07 2.47288e-07
     11       3 1.01321e-08 2.83346e-07 4.92368e-08 3.29082e-07 2.13442e-08 1.68514e-07 1.72594e-08 1.40831e-08 2.17635e-07 2.01718e-07
     11       4 8.75194e-09 2.14427e-07 4.12729e-08 2.77413e-07 1.72773e-08 1.77566e-07 1.66291e-08 1.40638e-08 2.21874e-07 1.56807e-07
     11       5 9.51190e-09 2.84663e-07 4.41850e-08 3.90794e-07 1.54196e-08 2.23787e-07 1.58361e-08 1.37686e-08 2.66527e-07 2.04336e-07
     11       6 1.02642e-08 3.45508e-07 4.89267e-08 4.56750e-07 2.08145e-08 2.44353e-07 1.83211e-08 1.59341e-08 3.08406e-07 2.47288e-07
     11       7 9.44114e-09 2.84743e-07 4.88789e-08 2.86393e-07 1.90924e-08 1.64475e-07 1.78408e-08 1.46440e-08 2.19503e-07 1.85325e-07
